seed:  2
mut1_100: (42, [21.650000000000002, 11.8, 22.85, 6.2, 20.1, 7.800000000000001, 19.150000000000002, 18.85, 18.6, 13.3, 14.0, 20.650000000000002, 18.45, 20.650000000000002, 20.85, 15.600000000000001, 7.95, 13.8, 12.05, 15.9, 10.350000000000001, 23.5, 9.600000000000001, 13.4, 10.3, 16.150000000000002, 17.5, 9.25, 4.7, 15.5, 14.100000000000001, 21.900000000000002, 20.150000000000002, 17.150000000000002, 9.05, 19.700000000000003, 14.700000000000001, 13.15, 17.3, 13.100000000000001, 17.5, 11.450000000000001])
mut1_95: (52, [23.5, 9.8, 7.6000000000000005, 18.6, 2.95, 11.700000000000001, 8.200000000000001, 10.700000000000001, 4.3500000000000005, 10.3, 9.55, 16.900000000000002, 15.200000000000001, 13.850000000000001, 7.75, 15.0, 4.75, 5.15, 9.950000000000001, 14.8, 12.5, 15.3, 8.700000000000001, 13.05, 5.2, 14.5, 8.1, 11.5, 5.75, 14.600000000000001, 6.7, 11.05, 15.200000000000001, 8.200000000000001, 6.300000000000001, 10.65, 6.550000000000001, 10.950000000000001, 24.55, 16.650000000000002, 14.75, 15.450000000000001, 6.5, 4.9, 5.1000000000000005, 16.35, 10.4, 7.5, 5.5, 10.3, 5.4, 7.3500000000000005])
mut1_90: (38, [21.55, 16.75, 10.950000000000001, 9.9, 6.3500000000000005, 18.8, 13.15, 5.65, 20.900000000000002, 22.6, 9.600000000000001, 5.8500000000000005, 7.800000000000001, 18.5, 11.100000000000001, 11.850000000000001, 16.2, 17.05, 23.650000000000002, 11.15, 11.75, 19.25, 17.45, 22.950000000000003, 5.4, 23.75, 9.55, 19.6, 19.450000000000003, 24.150000000000002, 9.450000000000001, 12.25, 18.6, 7.65, 23.0, 4.800000000000001, 16.45, 14.75])
mut1_85: (42, [17.85, 5.15, 22.1, 5.7, 29.75, 12.4, 16.45, 10.25, 8.1, 11.0, 9.0, 6.45, 13.5, 13.3, 13.850000000000001, 5.15, 16.85, 10.100000000000001, 10.8, 6.050000000000001, 6.9, 11.100000000000001, 20.1, 4.5, 24.55, 20.1, 13.200000000000001, 3.85, 4.8500000000000005, 4.75, 10.450000000000001, 30.05, 17.95, 26.400000000000002, 6.25, 11.950000000000001, 6.65, 7.7, 8.05, 9.65, 19.450000000000003, 11.200000000000001])
mut2_100: (42, [21.650000000000002, 11.8, 22.85, 6.2, 20.1, 7.800000000000001, 19.150000000000002, 18.85, 18.6, 13.3, 14.0, 20.650000000000002, 18.45, 20.650000000000002, 20.85, 15.600000000000001, 7.95, 13.8, 12.05, 15.9, 10.350000000000001, 23.5, 9.600000000000001, 13.4, 10.3, 16.150000000000002, 17.5, 9.25, 4.7, 15.5, 14.100000000000001, 21.900000000000002, 20.150000000000002, 17.150000000000002, 9.05, 19.700000000000003, 14.700000000000001, 13.15, 17.3, 13.100000000000001, 17.5, 11.450000000000001])
mut2_95: (39, [20.25, 9.15, 13.55, 14.0, 5.95, 6.65, 14.5, 7.15, 18.8, 20.75, 10.0, 16.6, 12.950000000000001, 22.35, 20.5, 15.950000000000001, 11.600000000000001, 9.75, 22.35, 5.2, 8.25, 12.450000000000001, 12.65, 29.3, 12.700000000000001, 16.900000000000002, 12.450000000000001, 14.05, 14.9, 10.100000000000001, 8.3, 19.200000000000003, 11.700000000000001, 18.0, 10.100000000000001, 5.550000000000001, 5.25, 14.5, 6.25])
mut2_90: (32, [19.35, 19.900000000000002, 12.0, 6.050000000000001, 19.35, 11.950000000000001, 5.6000000000000005, 15.350000000000001, 18.900000000000002, 8.35, 13.15, 29.700000000000003, 7.550000000000001, 9.200000000000001, 15.950000000000001, 13.25, 5.45, 14.100000000000001, 10.5, 5.3500000000000005, 11.65, 16.55, 26.55, 15.65, 23.55, 9.4, 22.650000000000002, 19.650000000000002, 21.700000000000003, 11.100000000000001, 23.25, 13.200000000000001])
mut2_85: (25, [21.35, 20.55, 22.8, 15.9, 17.85, 12.8, 6.65, 22.8, 5.65, 17.900000000000002, 22.450000000000003, 25.25, 12.65, 14.9, 30.950000000000003, 15.5, 18.6, 15.05, 29.3, 23.450000000000003, 7.800000000000001, 12.450000000000001, 10.100000000000001, 23.35, 6.5])
mut2_80: (25, [19.8, 23.25, 22.900000000000002, 10.75, 19.85, 13.850000000000001, 12.75, 15.850000000000001, 7.25, 13.200000000000001, 17.8, 25.200000000000003, 21.5, 29.150000000000002, 16.35, 13.3, 16.8, 30.400000000000002, 5.15, 23.55, 7.75, 5.6000000000000005, 21.35, 22.700000000000003, 6.6000000000000005])

seed:  91
mut1_100: (44, [26.950000000000003, 18.6, 17.25, 5.25, 15.950000000000001, 11.700000000000001, 8.8, 13.100000000000001, 17.6, 11.850000000000001, 4.5, 8.4, 13.05, 12.100000000000001, 13.100000000000001, 5.3500000000000005, 11.600000000000001, 13.75, 5.0, 4.75, 13.200000000000001, 7.95, 14.350000000000001, 28.200000000000003, 5.65, 26.6, 10.950000000000001, 9.15, 17.1, 7.4, 19.650000000000002, 7.300000000000001, 22.950000000000003, 13.75, 8.700000000000001, 14.450000000000001, 12.15, 7.300000000000001, 12.450000000000001, 7.8500000000000005, 10.200000000000001, 5.3500000000000005, 3.4000000000000004, 20.55])
mut1_95: (54, [23.35, 11.4, 9.700000000000001, 16.35, 7.5, 19.85, 25.950000000000003, 19.05, 11.700000000000001, 11.75, 14.600000000000001, 10.200000000000001, 15.850000000000001, 9.9, 11.200000000000001, 15.05, 15.4, 14.75, 9.600000000000001, 5.6000000000000005, 7.0, 14.700000000000001, 15.100000000000001, 16.5, 8.25, 8.25, 12.15, 14.4, 1.1500000000000001, 16.650000000000002, 17.8, 5.15, 12.8, 25.85, 5.300000000000001, 10.5, 11.850000000000001, 18.95, 9.15, 17.35, 10.600000000000001, 13.350000000000001, 8.05, 18.25, 10.05, 23.0, 11.3, 7.1000000000000005, 22.05, 8.4, 13.55, 11.5, 16.0, 13.850000000000001])
mut1_90: (37, [19.0, 7.75, 20.950000000000003, 5.6000000000000005, 16.95, 17.8, 20.3, 7.800000000000001, 16.35, 13.5, 28.950000000000003, 18.900000000000002, 23.1, 23.0, 11.850000000000001, 5.6000000000000005, 12.350000000000001, 11.350000000000001, 13.850000000000001, 17.95, 6.75, 6.95, 24.450000000000003, 13.450000000000001, 9.3, 20.05, 8.85, 9.3, 17.45, 17.35, 11.350000000000001, 22.1, 17.25, 4.8500000000000005, 5.800000000000001, 17.7, 5.7])
mut1_85: (45, [25.650000000000002, 11.9, 14.8, 6.9, 16.0, 11.700000000000001, 9.55, 17.150000000000002, 14.55, 14.200000000000001, 4.05, 10.65, 6.65, 10.4, 14.8, 17.95, 13.65, 13.65, 6.5, 4.9, 9.3, 12.15, 11.8, 4.800000000000001, 16.2, 15.450000000000001, 10.850000000000001, 13.450000000000001, 18.35, 10.450000000000001, 4.25, 17.55, 21.950000000000003, 7.9, 13.3, 17.95, 17.05, 18.900000000000002, 7.2, 16.75, 12.600000000000001, 7.1000000000000005, 5.300000000000001, 4.45, 21.85])
mut2_100: (44, [26.950000000000003, 18.6, 17.25, 5.25, 15.950000000000001, 11.700000000000001, 8.8, 13.100000000000001, 17.6, 11.850000000000001, 4.5, 8.4, 13.05, 12.100000000000001, 13.100000000000001, 5.3500000000000005, 11.600000000000001, 13.75, 5.0, 4.75, 13.200000000000001, 7.95, 14.350000000000001, 28.200000000000003, 5.65, 26.6, 10.950000000000001, 9.15, 17.1, 7.4, 19.650000000000002, 7.300000000000001, 22.950000000000003, 13.75, 8.700000000000001, 14.450000000000001, 12.15, 7.300000000000001, 12.450000000000001, 7.8500000000000005, 10.200000000000001, 5.3500000000000005, 3.4000000000000004, 20.55])
mut2_95: (39, [20.75, 8.3, 9.65, 5.800000000000001, 21.950000000000003, 15.75, 16.1, 9.600000000000001, 21.55, 16.1, 13.65, 19.900000000000002, 11.05, 22.55, 10.700000000000001, 14.0, 13.450000000000001, 10.15, 9.35, 13.600000000000001, 12.450000000000001, 12.55, 12.55, 8.6, 11.9, 10.350000000000001, 14.65, 20.1, 9.75, 13.9, 19.700000000000003, 5.45, 18.05, 7.5, 23.0, 11.8, 9.700000000000001, 14.4, 12.700000000000001])
mut2_90: (32, [20.900000000000002, 15.700000000000001, 15.4, 20.900000000000002, 16.7, 14.5, 12.15, 21.700000000000003, 14.850000000000001, 22.950000000000003, 23.85, 21.85, 9.700000000000001, 22.85, 10.15, 15.850000000000001, 15.55, 9.200000000000001, 27.25, 19.35, 18.85, 5.550000000000001, 15.200000000000001, 16.55, 16.25, 13.100000000000001, 13.4, 20.75, 8.200000000000001, 9.05, 14.25, 13.700000000000001])
mut2_85: (26, [11.200000000000001, 24.200000000000003, 23.5, 23.35, 14.15, 7.7, 21.200000000000003, 24.75, 28.55, 29.1, 10.850000000000001, 13.15, 8.55, 6.25, 13.0, 19.900000000000002, 20.6, 12.05, 20.05, 11.9, 9.450000000000001, 13.25, 23.150000000000002, 20.85, 15.950000000000001, 15.200000000000001])
mut2_80: (26, [15.9, 18.8, 26.75, 19.6, 15.55, 21.950000000000003, 9.15, 17.400000000000002, 22.35, 23.200000000000003, 11.100000000000001, 17.8, 11.600000000000001, 12.600000000000001, 11.75, 13.4, 17.6, 11.0, 8.5, 17.5, 11.200000000000001, 27.35, 25.150000000000002, 18.8, 20.8, 15.9])

seed:  86
mut1_100: (42, [20.5, 10.600000000000001, 20.650000000000002, 10.450000000000001, 7.9, 11.3, 28.950000000000003, 13.4, 9.55, 14.450000000000001, 17.85, 15.850000000000001, 4.45, 9.950000000000001, 21.700000000000003, 18.6, 9.200000000000001, 13.75, 15.700000000000001, 13.700000000000001, 8.05, 10.05, 8.85, 15.3, 6.1000000000000005, 17.900000000000002, 19.75, 17.95, 11.600000000000001, 15.75, 17.8, 17.5, 9.8, 9.75, 15.950000000000001, 15.850000000000001, 10.350000000000001, 23.25, 14.75, 13.8, 16.150000000000002, 26.700000000000003])
mut1_95: (57, [17.400000000000002, 7.95, 20.5, 15.200000000000001, 11.700000000000001, 19.8, 16.0, 17.7, 12.850000000000001, 6.75, 12.05, 12.950000000000001, 13.950000000000001, 19.35, 15.0, 9.25, 6.550000000000001, 13.55, 13.9, 14.55, 17.3, 16.1, 13.600000000000001, 10.65, 19.6, 11.9, 8.75, 5.4, 9.700000000000001, 9.65, 9.950000000000001, 9.25, 14.05, 12.0, 16.150000000000002, 20.450000000000003, 8.8, 9.0, 14.850000000000001, 15.100000000000001, 8.35, 24.900000000000002, 23.200000000000003, 19.55, 16.75, 14.3, 7.4, 6.5, 10.8, 8.75, 20.400000000000002, 11.65, 27.05, 12.0, 14.100000000000001, 11.600000000000001, 15.55])
mut1_90: (37, [19.55, 8.85, 29.0, 14.75, 16.35, 9.5, 20.8, 8.15, 14.05, 14.100000000000001, 15.9, 20.450000000000003, 25.400000000000002, 10.8, 24.6, 15.75, 12.55, 12.200000000000001, 19.35, 20.650000000000002, 27.6, 19.6, 22.25, 14.75, 7.3500000000000005, 12.600000000000001, 18.25, 6.3500000000000005, 16.900000000000002, 17.5, 6.2, 7.7, 22.55, 14.450000000000001, 6.8500000000000005, 12.5, 18.75])
mut1_85: (41, [20.75, 11.850000000000001, 17.8, 19.5, 7.45, 10.450000000000001, 24.5, 8.3, 8.65, 17.2, 19.1, 9.8, 22.75, 15.450000000000001, 14.8, 12.450000000000001, 14.05, 15.3, 19.85, 18.5, 26.150000000000002, 11.4, 13.450000000000001, 15.4, 8.25, 23.200000000000003, 12.65, 11.65, 15.600000000000001, 16.8, 22.85, 7.8500000000000005, 29.0, 16.150000000000002, 23.200000000000003, 12.55, 8.3, 14.3, 22.05, 20.900000000000002, 16.6])
mut2_100: (42, [20.5, 10.600000000000001, 20.650000000000002, 10.450000000000001, 7.9, 11.3, 28.950000000000003, 13.4, 9.55, 14.450000000000001, 17.85, 15.850000000000001, 4.45, 9.950000000000001, 21.700000000000003, 18.6, 9.200000000000001, 13.75, 15.700000000000001, 13.700000000000001, 8.05, 10.05, 8.85, 15.3, 6.1000000000000005, 17.900000000000002, 19.75, 17.95, 11.600000000000001, 15.75, 17.8, 17.5, 9.8, 9.75, 15.950000000000001, 15.850000000000001, 10.350000000000001, 23.25, 14.75, 13.8, 16.150000000000002, 26.700000000000003])
mut2_95: (39, [20.55, 14.55, 20.75, 12.850000000000001, 13.200000000000001, 10.100000000000001, 14.5, 20.5, 12.350000000000001, 23.55, 19.85, 16.150000000000002, 24.3, 17.85, 11.5, 11.5, 13.8, 21.1, 9.05, 22.450000000000003, 18.05, 13.05, 18.45, 8.700000000000001, 24.25, 24.650000000000002, 5.65, 19.8, 15.15, 7.9, 19.8, 8.6, 7.9, 4.9, 24.950000000000003, 23.55, 16.35, 9.700000000000001, 23.950000000000003])
mut2_90: (33, [29.75, 20.700000000000003, 14.700000000000001, 23.5, 9.200000000000001, 32.1, 18.55, 15.8, 20.8, 20.3, 20.0, 16.5, 25.05, 14.450000000000001, 11.25, 17.75, 13.55, 25.35, 30.200000000000003, 22.05, 25.450000000000003, 24.900000000000002, 15.5, 16.400000000000002, 6.300000000000001, 11.05, 13.200000000000001, 23.700000000000003, 12.700000000000001, 19.35, 13.9, 22.950000000000003, 21.85])
mut2_85: (26, [22.85, 23.900000000000002, 14.450000000000001, 13.05, 23.35, 14.450000000000001, 23.700000000000003, 20.400000000000002, 21.150000000000002, 25.35, 21.450000000000003, 11.0, 20.200000000000003, 8.05, 24.700000000000003, 22.700000000000003, 14.25, 24.55, 19.55, 21.05, 14.450000000000001, 13.450000000000001, 24.700000000000003, 11.850000000000001, 26.35, 20.3])
mut2_80: (24, [24.0, 21.700000000000003, 18.2, 16.900000000000002, 23.950000000000003, 20.8, 17.0, 21.700000000000003, 22.3, 25.75, 18.650000000000002, 17.150000000000002, 24.900000000000002, 17.5, 12.8, 6.75, 14.200000000000001, 20.75, 19.0, 23.3, 28.05, 18.400000000000002, 16.75, 14.15])
